6.170272827148437500e-04 9.610652923583984375e-04 2.017974853515625000e-03
1.436948776245117188e-03 2.555131912231445312e-03 5.974054336547851562e-03
2.910852432250976562e-03 5.218029022216796875e-03 1.401901245117187500e-02
5.790948867797851562e-03 1.079583168029785156e-02 2.809214591979980469e-02
9.699106216430664062e-03 1.847910881042480469e-02 5.285286903381347656e-02
1.553583145141601562e-02 3.074502944946289062e-02 8.039999008178710938e-02
2.626800537109375000e-02 5.355906486511230469e-02 1.239411830902099609e-01
3.444814682006835938e-02 6.013917922973632812e-02 1.752650737762451172e-01
4.744505882263183594e-02 8.241605758666992188e-02 2.386188507080078125e-01
6.248116493225097656e-02 1.243200302124023438e-01 3.183979988098144531e-01
7.906699180603027344e-02 1.372709274291992188e-01 4.132030010223388672e-01
1.002259254455566406e-01 1.999700069427490234e-01 5.247321128845214844e-01
1.250178813934326172e-01 2.391858100891113281e-01 6.496548652648925781e-01
1.540019512176513672e-01 2.703909873962402344e-01 7.952260971069335938e-01
1.973211765289306641e-01 3.478631973266601562e-01 9.480729103088378906e-01
2.236230373382568359e-01 4.795539379119873047e-01 1.125721216201782227e+00
2.659218311309814453e-01 4.685070514678955078e-01 1.350913047790527344e+00
3.144891262054443359e-01 6.833360195159912109e-01 1.608393192291259766e+00
3.657419681549072266e-01 6.551728248596191406e-01 1.893414974212646484e+00
4.296810626983642578e-01 8.368191719055175781e-01 2.223403930664062500e+00
5.018529891967773438e-01 9.969520568847656250e-01 2.626330852508544922e+00
5.939350128173828125e-01 1.319755077362060547e+00 3.021824121475219727e+00
6.885662078857421875e-01 1.205717086791992188e+00 3.533681869506835938e+00
7.311730384826660156e-01 1.327752113342285156e+00 3.939938068389892578e+00
8.080470561981201172e-01 1.650354146957397461e+00 4.357742071151733398e+00
9.353580474853515625e-01 1.813821077346801758e+00 4.772237062454223633e+00
1.217821121215820312e+00 2.981253147125244141e+00 6.082792997360229492e+00
1.300204038619995117e+00 4.322091102600097656e+00 6.253436803817749023e+00
1.924410104751586914e+00 5.850342988967895508e+00 7.790704011917114258e+00
2.726861000061035156e+00 8.592174053192138672e+00 8.981178045272827148e+00
