# x,y,z
3.487959748967421891e-01 4.071543392182148668e-01 6.700215853190802928e-01
2.953383792983077516e-01 2.336647433270905017e-01 1.647244497005946329e+00
3.523518392537040578e-01 1.843829098861087812e-01 2.368722714712114374e+00
4.354047458886773914e-01 2.829191460662225932e-01 3.180657894549492770e+00
4.455546395063088583e-01 4.088067711895309042e-01 4.314096887703942507e+00
3.593948531770768673e-01 5.295737572507582813e-01 5.431856633381009658e+00
4.108909422734038919e-01 5.874311071640712090e-01 6.653937721451550935e+00
3.816497275088057695e-01 6.059964625915650327e-01 7.733462065876862468e+00
5.215969938025135644e-01 1.516972084381804642e+00 5.844993130829577721e-01
3.465316774860998650e-01 1.443671833093829848e+00 1.501211111427854350e+00
1.595099153728951613e-01 1.415710710158648133e+00 2.392489861838213550e+00
1.779174101768349336e-01 1.505519510873756461e+00 3.322484993772132356e+00
3.611490965291559996e-01 1.626499506976730514e+00 4.413270839855507610e+00
4.751922682931289943e-01 1.561075387592965713e+00 5.463574243839367739e+00
5.034899790381403006e-01 1.570973305371729412e+00 6.655665598945334160e+00
5.499221731522212497e-01 1.463720549268579418e+00 7.666804037238633462e+00
4.967521862247524234e-01 2.609558224049108865e+00 6.019944569683465252e-01
4.354408279558809602e-01 2.609854367343901416e+00 1.445623087578692845e+00
1.941042237782909519e-01 2.590494972034317556e+00 2.437897514985833958e+00
2.274043636474589736e-01 2.683007239229376228e+00 3.489024900954611930e+00
4.035738246555774511e-01 2.716015604143489082e+00 4.384567021701994527e+00
5.375727481131241658e-01 2.680182719212552467e+00 5.384385363112064837e+00
5.124882828615854313e-01 2.583033772544217843e+00 6.599677816690489252e+00
4.576124747036052209e-01 2.624943207040527415e+00 7.656829838007967126e+00
4.935026347180619388e-01 3.711247093505613659e+00 6.451436707776139201e-01
4.424182543518181410e-01 3.794701816616907308e+00 1.467465819064055044e+00
3.177251899122322532e-01 3.813201318496598269e+00 2.452591236290584398e+00
3.410234047903057397e-01 3.707920308794795616e+00 3.394926750801374737e+00
4.668029222724545124e-01 3.488805177512622535e+00 4.327919545329975470e+00
4.234105092727797337e-01 3.437644014183943053e+00 5.361469205555723150e+00
4.113861109224839496e-01 3.501216121475384302e+00 6.610622536087962686e+00
4.316953153091009909e-01 3.548970917547711323e+00 7.739861236092709262e+00
4.886464289934523975e-01 4.802799545744785625e+00 8.511603190245632389e-01
5.098467025024551180e-01 4.844205632376715975e+00 1.423817410397433481e+00
3.987108982101604249e-01 4.618739719540963407e+00 2.327819513404715934e+00
3.861332216556176422e-01 4.517994066594894775e+00 3.298804471282204442e+00
5.310392470312828017e-01 4.504394546644556740e+00 4.153344863365601825e+00
5.127777877933362705e-01 4.488989991572887917e+00 5.438247788463200116e+00
4.250131131221354108e-01 4.549927993966449868e+00 6.645545008978328561e+00
4.937158482944738469e-01 4.614178821287173271e+00 7.861260625083952291e+00
3.393014683336972870e-01 5.461810443468970711e+00 9.132706569957832476e-01
2.822951676285428979e-01 5.396103801022359647e+00 1.296566748947146630e+00
4.644640527349683801e-01 5.412613814294668479e+00 2.222934469822980041e+00
5.750630493400885612e-01 5.475789169394185585e+00 3.286557185560960104e+00
5.385860045097403681e-01 5.499966373370625661e+00 4.237710525394930983e+00
4.721784451854417197e-01 5.541012974475319375e+00 5.395458421495097134e+00
4.400075816319477529e-01 5.372057334090404090e+00 6.657994439728232017e+00
4.836603257437524506e-01 5.450998658721087686e+00 7.989507552054869066e+00
2.462598267280728392e-01 6.192581782887984332e+00 8.480530361297721198e-01
2.630562909999437649e-01 6.295786456334133696e+00 1.369888975148316979e+00
4.376397462029535945e-01 6.438473351406601708e+00 2.362593038885338004e+00
4.726056886624689368e-01 6.459034583446593203e+00 3.329533837972735721e+00
4.630640377657171403e-01 6.460217979781580411e+00 4.256190955175386925e+00
3.451178371684645030e-01 6.423242077795348948e+00 5.286185621426874093e+00
4.547331907029780185e-01 6.337271902689554537e+00 6.524281784393688000e+00
4.225864263226329909e-01 6.235341816657090419e+00 2.327275086788560543e-02
2.721247808107477018e-01 7.297876486743516189e+00 8.771679991379445207e-01
3.404803492138960275e-01 7.382011349885061691e+00 1.591753359929536593e+00
3.664689614432547482e-01 7.526383204182093500e+00 2.346481972781305547e+00
4.782212517263539908e-01 7.367815975600175982e+00 3.196574903550446045e+00
4.948037287258120753e-01 7.295294040380864153e+00 4.255148389645104778e+00
3.237727481607931557e-01 7.338279077916225468e+00 5.321977384787081711e+00
4.919549790288323954e-01 7.498088462698188295e+00 6.544623748411612318e+00
3.555340603731207971e-01 7.455849566886264768e+00 7.866272241756969485e+00
1.470417029999510294e+00 4.288344595590347641e-01 7.511149659012331670e-01
1.522264000965285247e+00 3.148991420066277747e-01 1.615473158879338955e+00
1.535132426536558237e+00 1.811096143359572919e-01 2.473981940215086883e+00
1.650936670903204506e+00 7.285451684001023609e-02 3.240703988425066129e+00
1.639891751189984204e+00 1.659516792020848952e-01 4.271461860659837129e+00
1.594498003468863834e+00 3.490461338320587914e-01 5.413594292413725917e+00
1.511954539321852975e+00 4.049618673312341821e-01 6.526909373958456939e+00
1.373961406028152421e+00 4.977278111823802975e-01 7.706760419547252994e+00
1.425870072631530316e+00 1.606802573613086205e+00 6.769202178507587320e-01
1.603824025039459311e+00 1.547933691825984948e+00 1.415922584447910193e+00
1.591742795992435511e+00 1.289733066670879280e+00 2.280360534791008309e+00
1.572595506465078286e+00 1.362520280592617983e+00 3.375428265319441845e+00
1.439897968682678497e+00 1.533486857131491465e+00 4.447047660826147109e+00
1.390775172238823520e+00 1.580757947504197514e+00 5.485610924987292414e+00
1.334828333934775291e+00 1.600347231555968586e+00 6.621497560050346287e+00
1.315762960164492457e+00 1.622546562582321439e+00 7.697212251727094667e+00
1.605803997007298589e+00 2.640281203097650131e+00 7.087047560943574576e-01
1.642072056455649243e+00 2.592558388353153553e+00 1.347166633092102828e+00
1.607704002238268703e+00 2.775517165848783829e+00 2.293656846046520315e+00
1.508760181567101233e+00 2.765225624061467879e+00 3.443795549124587740e+00
1.310264205718136399e+00 2.697512208322540239e+00 4.464695779914824136e+00
1.376270228946975704e+00 2.636072492514725418e+00 5.445975667084059779e+00
1.353847303752639064e+00 2.566950218551373286e+00 6.573768659838887807e+00
1.501941346557079227e+00 2.555288638240897914e+00 7.722236108804658272e+00
1.676809176487630060e+00 3.763215887947023219e+00 6.682860436855992958e-01
1.592240079143181219e+00 3.758376876500377772e+00 1.390966386862177329e+00
1.638391600464643494e+00 3.726923596058360211e+00 2.395442005010625763e+00
1.481751410382059042e+00 3.689171386350778459e+00 3.328999521012869334e+00
1.324808466185092737e+00 3.633321603884218209e+00 4.403036690379684259e+00
1.471164089397712704e+00 3.587925923144291041e+00 5.386323578300414638e+00
1.489605028824956046e+00 3.568701258774875651e+00 6.549412609206473945e+00
1.525434736020000681e+00 3.663509615592719371e+00 7.877533165542153881e+00
1.559168688013077286e+00 4.579322817038510074e+00 7.847679450170818027e-01
1.434870694583779249e+00 4.729694103459252119e+00 1.389663401917933916e+00
1.547003484462079026e+00 4.705361085511436059e+00 2.298065186407897365e+00
1.557695552457059485e+00 4.716189160160319638e+00 3.324733737732397110e+00
1.467172002594081981e+00 4.602748687168156216e+00 4.322021390190669443e+00
1.611550428578614413e+00 4.566883225123127943e+00 5.404658361627744156e+00
1.572430852583158067e+00 4.628116037204386579e+00 6.589704414705487068e+00
1.601244476157542618e+00 4.623917256315079882e+00 7.886385562400787919e+00
1.341050632381935115e+00 5.330866769360497415e+00 7.524611065994054604e-01
1.382209409631062424e+00 5.290832893451430152e+00 1.503668895480970935e+00
1.590634094505471552e+00 5.487206461809691405e+00 2.427489627503089498e+00
1.626077745291942156e+00 5.588958181011808080e+00 3.289886114016338237e+00
1.584968241268793321e+00 5.571688785369039110e+00 4.193519951713969185e+00
1.653496101454983380e+00 5.444802390319234853e+00 5.350926458905204797e+00
1.643645960158668151e+00 5.357568561178882582e+00 6.638339765921710267e+00
1.512747251464009013e+00 5.365736124798671902e+00 7.843708079859311511e+00
1.427205547311785061e+00 6.284562310752940917e+00 7.507187753370498928e-01
1.446447071423911490e+00 6.372092334675175884e+00 1.555805688134482834e+00
1.642521284994726605e+00 6.373272334006285789e+00 2.525415417421935427e+00
1.763289589845738359e+00 6.427359373430861389e+00 3.391702169166772141e+00
1.744352236794102673e+00 6.513019378053855668e+00 4.195503479032912431e+00
1.792328126913718345e+00 6.509455243150830128e+00 5.263991488580401779e+00
1.794376224319015334e+00 6.502631283998259626e+00 6.536170374340214195e+00
1.587485743512226710e+00 6.311363984865099752e+00 7.780692607986230414e+00
1.549599387709250875e+00 7.366113978631256387e+00 8.237716839824245074e-01
1.387626748711815461e+00 7.393612569727997297e+00 1.619106558354692416e+00
1.573748845829226584e+00 7.460876675758604470e+00 2.518577095067404237e+00
1.864692195674946706e+00 7.377721477552135809e+00 3.384216609038811274e+00
1.848905732020988291e+00 7.282270800868613669e+00 4.166339704427794999e+00
1.874881418575542025e+00 7.325056644411533924e+00 5.338953114286256074e+00
1.807894607473677473e+00 7.370723541405019397e+00 6.494633986294591210e+00
1.693868048633369705e+00 7.359910006422829554e+00 7.654401248548025727e+00
2.557962571466121382e+00 4.141951241789331717e-01 8.112910717757049195e-01
2.510712220118083149e+00 4.731868917750863268e-01 1.573446523323819735e+00
2.465976609938414832e+00 2.837124906053165030e-01 2.526008211307365414e+00
2.495806182790463179e+00 7.947994425149413900e+00 3.339026624614302552e+00
2.519048513329483097e+00 7.988582615323199576e+00 4.182296320523407829e+00
2.454421648785413801e+00 1.402477287098702341e-01 5.352372533435321600e+00
2.509207861880180079e+00 2.355325924599397380e-01 6.526842720924842745e+00
2.576998375053555890e+00 3.061131551341397250e-01 7.688715994095234763e+00
2.812291648215708761e+00 1.776624252663193904e+00 7.699115711119426386e-01
2.674115338014368515e+00 1.590133518728673145e+00 1.438198812660514303e+00
2.710761312389951883e+00 1.402034501042463743e+00 2.358389996032824509e+00
2.658458326247737702e+00 1.480061654959246908e+00 3.228151610592512100e+00
2.515447293705639353e+00 1.445062105894441951e+00 4.292142135706636275e+00
2.451738972034872788e+00 1.527317282333586768e+00 5.463765883839755588e+00
2.478830684179076815e+00 1.524230789141242770e+00 6.602359077110169672e+00
2.589974454664747849e+00 1.734740742920474643e+00 7.847080912945644471e+00
2.829359571853468758e+00 2.702122841637225381e+00 7.414563015192934259e-01
2.747211868894815279e+00 2.655947666364323556e+00 1.240146468934668622e+00
2.637707890730665916e+00 2.662518380313027677e+00 2.323257175747940995e+00
2.585321968236192536e+00 2.536211999525855187e+00 3.267841912563342888e+00
2.481626503934237782e+00 2.590752768081455493e+00 4.341894771652199836e+00
2.372477431853922347e+00 2.633671312049755464e+00 5.454483574422512859e+00
2.442770995463820594e+00 2.671175061987411059e+00 6.657187976771861138e+00
2.634432104147179210e+00 2.668983567427800185e+00 7.973731818388179349e+00
2.630010272707203445e+00 3.625157362603352862e+00 6.347573862412272394e-01
2.648473204015798554e+00 3.576750113795724051e+00 1.368789253550990459e+00
2.586530309965380248e+00 3.803867842796043952e+00 2.372705082387960740e+00
2.449011155896955394e+00 3.808425739206472205e+00 3.096963868142241338e+00
2.358831840932948509e+00 3.652267892040667707e+00 4.351016378329245704e+00
2.321295545729308518e+00 3.620668081781281522e+00 5.521101353267708234e+00
2.480695262170319104e+00 3.636447512138189175e+00 6.654675307767263348e+00
2.688990228516841885e+00 3.654804516897563804e+00 7.999991370313362715e+00
2.526850399369594768e+00 4.491690460320186595e+00 6.496682147160264265e-01
2.538787492916537047e+00 4.661330413188324862e+00 1.433635181928974323e+00
2.702648962397498966e+00 4.656396574802585953e+00 2.515364491657624324e+00
2.639955026248353764e+00 4.758141773388870455e+00 3.098344831519876941e+00
2.446177056289098317e+00 4.730063751156778018e+00 4.221705062804875119e+00
2.377369963222552229e+00 4.692171086743031516e+00 5.498908886367804172e+00
2.497322795923846428e+00 4.685283242620815969e+00 6.630791350939315265e+00
2.558538949438667220e+00 4.561547642372107525e+00 7.951581980065503430e+00
2.612669185209817613e+00 5.309993886284943621e+00 7.125064446475821711e-01
2.603470113100725403e+00 5.360592657397551086e+00 1.563587514272610779e+00
2.658567957118223468e+00 5.497067544295277663e+00 2.544963325445106506e+00
2.675502702933068910e+00 5.597572475693433525e+00 3.155735030767222504e+00
2.522558779435748466e+00 5.622700594191530676e+00 4.187537864362449902e+00
2.619779585168109826e+00 5.641834970226377699e+00 5.557247627422477798e+00
2.749458606899682245e+00 5.619841553547378687e+00 6.563779623726349044e+00
2.637648138852844770e+00 5.433387373616301197e+00 7.714642569356201740e+00
2.584709225394872689e+00 6.349711756430075127e+00 6.353012032665747988e-01
2.464044301644749968e+00 6.269734732304160119e+00 1.608002856841838080e+00
2.613538749486594259e+00 6.414609215984069301e+00 2.778290281145555429e+00
2.680478957889918412e+00 6.645328278022661905e+00 3.290436867813612665e+00
2.576126293130986955e+00 6.743502230739727210e+00 4.207037601635115642e+00
2.766399414463273754e+00 6.639495229756710692e+00 5.469823475708892602e+00
2.851750827808075428e+00 6.482600403784846144e+00 6.410149143881571199e+00
2.732313043816337661e+00 6.398845177328490230e+00 7.600958569706839363e+00
2.465264517371235531e+00 7.330504315882089728e+00 6.238454764722184409e-01
2.431448745575112813e+00 7.412324006446158187e+00 1.602956770669966557e+00
2.533920077858958120e+00 7.279793450161216484e+00 2.846586793987636810e+00
2.572951952221782967e+00 7.226263654054046803e+00 3.426926189712301341e+00
2.586170312700737828e+00 7.227068042572199147e+00 4.121580868084183891e+00
2.605791642577036438e+00 7.104594308399385660e+00 5.343231022143266173e+00
2.593080885809695868e+00 7.144888844320176347e+00 6.408286137671487914e+00
2.564428813740458502e+00 7.241577824303123023e+00 7.626586741258938318e+00
3.636442441357600419e+00 6.511496267383912739e-01 7.754844536994720539e-01
3.600649890722439572e+00 5.704694561727065016e-01 1.521559373125741743e+00
3.553183935457621789e+00 3.787746877315606997e-01 2.455247873118906909e+00
3.396070944626885524e+00 1.948067055832307382e-01 3.256547940359753035e+00
3.324627977793489286e+00 1.448607227128374531e-01 4.211313688368286456e+00
3.437503852303575691e+00 2.045271341811403243e-01 5.467913298635743935e+00
3.584286189123887301e+00 2.525666743739798936e-01 6.609471117151909603e+00
3.605856191648081133e+00 3.937213440850723112e-01 7.702462255540186042e+00
3.560552625154954409e+00 1.818760226718006967e+00 8.492540002158938117e-01
3.644760358047717475e+00 1.723501837649526580e+00 1.336539193796481007e+00
3.585986009243351536e+00 1.551916720973472996e+00 2.312180349024633763e+00
3.525905415837913726e+00 1.530621531478744357e+00 3.168277082710722947e+00
3.586247631159912075e+00 1.555519408690534178e+00 4.243919770051644669e+00
3.488953098958861077e+00 1.500271427705620830e+00 5.451235518363963806e+00
3.525801729967310116e+00 1.457754352483880078e+00 6.652915253744028590e+00
3.556159538520286656e+00 1.681576894183283377e+00 7.985678832092631296e+00
3.559006872227426843e+00 2.577808720343293558e+00 8.002712744812154888e-01
3.626003195499461818e+00 2.598131166396230984e+00 1.245453863658352756e+00
3.719649916114248445e+00 2.591509665564145859e+00 2.190538820215873095e+00
3.566750313082789337e+00 2.485808147365071274e+00 3.203243057465872567e+00
3.561488168789140651e+00 2.484311059544154432e+00 4.276066321914908208e+00
3.476640138497485211e+00 2.549451171388851023e+00 5.370317697935063528e+00
3.460591658018158157e+00 2.604596737331373202e+00 6.801998616886553606e+00
3.545661726278800163e+00 2.716890146186151878e+00 1.121103474421616397e-01
3.484632746185689189e+00 3.459601375242833399e+00 6.393069562802432548e-01
3.625282800105896985e+00 3.484446124215514029e+00 1.463949313396529117e+00
3.663548369571544061e+00 3.771606267431071302e+00 2.253122661949224614e+00
3.673236656506958298e+00 3.769536408479483569e+00 3.026017358927546752e+00
3.615204134940965819e+00 3.651649993633620639e+00 4.311496555200002412e+00
3.559779014521292417e+00 3.681537020261732351e+00 5.455184037127826180e+00
3.481904297465309384e+00 3.691731504616571069e+00 6.844694574370854490e+00
3.473644296324937208e+00 3.582142518986517032e+00 6.228542747772181087e-03
3.505176098288994790e+00 4.561141362972392699e+00 6.999635446594288934e-01
3.633015331480814236e+00 4.696085558210679523e+00 1.571710440429694655e+00
3.576477932262576154e+00 4.731827263468272093e+00 2.425535394884445139e+00
3.509715931620256413e+00 4.915173667398799573e+00 3.048062689263751679e+00
3.668056120678591103e+00 4.900240624858179572e+00 4.213147725518510356e+00
3.694726142166530281e+00 4.861233155025149522e+00 5.475206103998905505e+00
3.602876237831655004e+00 4.804372654985136215e+00 6.683961262862711195e+00
3.493142574690670799e+00 4.552190333829867264e+00 7.882412838382552245e+00
3.565721134914794366e+00 5.393537805999551793e+00 7.081282075577149948e-01
3.551051978636774020e+00 5.269900467894522045e+00 1.587006979179544475e+00
3.588724342707490411e+00 5.385086574296185091e+00 2.608009258434838440e+00
3.606053594762723691e+00 5.600466618802395047e+00 3.183129170925524498e+00
3.816925640065668368e+00 5.685926649823545453e+00 4.194042929704100864e+00
3.784687566911619339e+00 5.793094487828517991e+00 5.547481918619756591e+00
3.615442526609319529e+00 5.769608083763548834e+00 6.534073455559460619e+00
3.579785621319777622e+00 5.604634861333719797e+00 7.638128080019059851e+00
3.653491981253197629e+00 6.280858357973694517e+00 5.531348776173624637e-01
3.730222575340361946e+00 6.310130474474812345e+00 1.570495077264252748e+00
3.494159692797123018e+00 6.322656060223832419e+00 2.721406639743173095e+00
3.328722479021928304e+00 6.311307134647361039e+00 3.312553620517755260e+00
3.546769817383113477e+00 6.451311529897494346e+00 4.334585127003101945e+00
3.545925792702745216e+00 6.428475353572570938e+00 5.528859453566473903e+00
3.493952573154370800e+00 6.332215744230305532e+00 6.426730393372434236e+00
3.588497315688404576e+00 6.289853254315849185e+00 7.552234810915445351e+00
3.663428641955417397e+00 7.257142524011835683e+00 6.563513143909344150e-01
3.763970920229794626e+00 7.347334914986007881e+00 1.653529021391502374e+00
3.502348761891830087e+00 7.266622760311459039e+00 2.613520084125537490e+00
3.160885006028928412e+00 7.192279786244915485e+00 3.338971031037014203e+00
3.191362016878570795e+00 7.126180010839635592e+00 4.282074893369919977e+00
3.351306357400832603e+00 6.981410250036418574e+00 5.431939339801743927e+00
3.510159063128067913e+00 7.087154248215205676e+00 6.483819577403763468e+00
3.592700794918325613e+00 7.178990647079539933e+00 7.539794738479584701e+00
4.732941780750787863e+00 3.663565203055565989e-01 7.945585740402353325e-01
4.744606949265864237e+00 3.686133554512480703e-01 1.483773211006205184e+00
4.619653457803909014e+00 3.690576935099853517e-01 2.337384654224107017e+00
4.623170315809236541e+00 3.453050445499105670e-01 3.242685107682924617e+00
4.718517544767080629e+00 3.550108814120024880e-01 4.191391286287368345e+00
4.557778969346313325e+00 2.511720919116798845e-01 5.429795234512911684e+00
4.431679314840837769e+00 2.921560185283775257e-01 6.701871244858311094e+00
4.645653359530284021e+00 3.517760635743684139e-01 7.818540687387936394e+00
4.575312476399993500e+00 1.760463916749798630e+00 7.593796829560098827e-01
4.515481715953243658e+00 1.656516348702081753e+00 1.444443731941317699e+00
4.560522101625591240e+00 1.537027832147951578e+00 2.261399586624622149e+00
4.639529037557196034e+00 1.478097499468963516e+00 3.261858803571942023e+00
4.629952733939034282e+00 1.513516100006693677e+00 4.192796655431965114e+00
4.522087429236926859e+00 1.530588357080593598e+00 5.310524445273351546e+00
4.486381446537810014e+00 1.434135155599273848e+00 6.797251036173699745e+00
4.702571311000475873e+00 1.657580935198818217e+00 7.972346058027092397e+00
4.452633309401035966e+00 2.580906958233224469e+00 7.622938272169847984e-01
4.482717489547816569e+00 2.618803071965943197e+00 1.366262219406155332e+00
4.541601136641973291e+00 2.703604706738601315e+00 2.236413201453642863e+00
4.589729728505081319e+00 2.668210803909431661e+00 3.148500271175116438e+00
4.612845955853058122e+00 2.584989702093268615e+00 4.292902183770492819e+00
4.658090269365751546e+00 2.708713496494407735e+00 5.326271753117642227e+00
4.617598488706065929e+00 2.701923199501343298e+00 6.750954448128875462e+00
4.503369565385948903e+00 2.579749685524922231e+00 1.164020957310896165e-01
4.509716493993866315e+00 3.495713929687111587e+00 7.646817767771983965e-01
4.520733657098102043e+00 3.563684661218601057e+00 1.493443772659673874e+00
4.504703636830268643e+00 3.635060494664731578e+00 2.335247134009022396e+00
4.646752802869355214e+00 3.738411053747711321e+00 3.148244619462538640e+00
4.852514061841951332e+00 3.806072276198783300e+00 4.296648329040828607e+00
4.907323301968085971e+00 3.855387641899847395e+00 5.408819396061285367e+00
4.740519481993092477e+00 3.770021745278357095e+00 6.604601096123371207e+00
4.473324282510519723e+00 3.597306701411929541e+00 7.948313875866081624e+00
4.547725403631568852e+00 4.607557150806204760e+00 7.654437687122294109e-01
4.486618071462094015e+00 4.573680106138644952e+00 1.525096408318070473e+00
4.448266785540648804e+00 4.682025384143202018e+00 2.409898768701354665e+00
4.622354944856883030e+00 4.747500110629082393e+00 3.210822593110976175e+00
4.787596903185968422e+00 4.777149294513296063e+00 4.384479897531566195e+00
4.911194821478786388e+00 4.825076079573295651e+00 5.426027501771146788e+00
4.711005256892192961e+00 4.796161366433167927e+00 6.436474120051391523e+00
4.561492447025476515e+00 4.637905168903493802e+00 7.841756941803263992e+00
4.581591290499781977e+00 5.430665820917246478e+00 7.018199203875300496e-01
4.585271047373287168e+00 5.459630680536025515e+00 1.561127210794976516e+00
4.472714959664821244e+00 5.457800549237429522e+00 2.541989646801304570e+00
4.484453798212723719e+00 5.553800044965307769e+00 3.288947927821229911e+00
4.549553079169688097e+00 5.616163905408742885e+00 4.360802863014409780e+00
4.559041411846751046e+00 5.540934682103896058e+00 5.414792752887817251e+00
4.444895709927052074e+00 5.505948541585564016e+00 6.392199009202967019e+00
4.477887941802165095e+00 5.516418607693108100e+00 7.738320669089766568e+00
4.602140616158194142e+00 6.401909652573403164e+00 7.796352923350563513e-01
4.761049892885805157e+00 6.513654555529442725e+00 1.577726418893030003e+00
4.661891164891279971e+00 6.374778474525577998e+00 2.396885810090825686e+00
4.563938489275874311e+00 6.232518120196332667e+00 3.328585635665237241e+00
4.473454192074314939e+00 6.186521414729491575e+00 4.369217415529530690e+00
4.307391365904709168e+00 6.179664922663451243e+00 5.339343916457092831e+00
4.188025856131083025e+00 6.232920975812840325e+00 6.463807146852105667e+00
4.342882157992142389e+00 6.334215271042988427e+00 7.744798364177121641e+00
4.791718013585683167e+00 7.356426050727455035e+00 8.068277934648254712e-01
4.800991979820673272e+00 7.245417220458013396e+00 1.535401219666650885e+00
4.631276382636807298e+00 7.240644865032520805e+00 2.313679586947749112e+00
4.592817570841372543e+00 7.236157322533259162e+00 3.250642109939803959e+00
4.550924628290376361e+00 7.160576425637722231e+00 4.272616379186922941e+00
4.417884491087078480e+00 7.108462728272828990e+00 5.415078562796422190e+00
4.237708329480287084e+00 7.266732997261075688e+00 6.595199697840753217e+00
4.528446710145765053e+00 7.325047566650371600e+00 7.810554650156872114e+00
5.552140074078164567e+00 4.171771661058244485e-01 7.950162699393981125e-01
5.584180958211597101e+00 2.784161929375433275e-01 1.480073639982400824e+00
5.623306815568762218e+00 3.560651164340088992e-01 2.267371987031535863e+00
5.610905963575268274e+00 4.498234970802021948e-01 3.278512711017079972e+00
5.470102889233746879e+00 4.026104054036896418e-01 4.188476092654805250e+00
5.539938137317198752e+00 3.071612505988098873e-01 5.282180154473236300e+00
5.514087803854780034e+00 5.016421666097075072e-01 6.732349027345462034e+00
5.565131660711702288e+00 5.936613743771463891e-01 7.976020117556081424e+00
5.563364016618582930e+00 1.592020462360052235e+00 6.067906653585115606e-01
5.534216628901664770e+00 1.542916872808017370e+00 1.447902562552217720e+00
5.625611272186332279e+00 1.523007864227458708e+00 2.338416748235207177e+00
5.610661140114136636e+00 1.424030170839146736e+00 3.233877993093696279e+00
5.545194816044594077e+00 1.431301080604260312e+00 4.157229007256959541e+00
5.631627266283263822e+00 1.520732980623780817e+00 5.295995263065144343e+00
5.696245470398226374e+00 1.490224960428087053e+00 6.882705915137745656e+00
5.650398937437006275e+00 1.540226049960541577e+00 3.708184530051816807e-02
5.389314622456504722e+00 2.441774309722675618e+00 7.188950256458701560e-01
5.401402856623354509e+00 2.520372042412589053e+00 1.475043452163683488e+00
5.535596505864766037e+00 2.544280280473417921e+00 2.241513725301145232e+00
5.521892337738989021e+00 2.508863464622655748e+00 3.188869819583806553e+00
5.549422709350689153e+00 2.657287396415171088e+00 4.330947976290285162e+00
5.559548927030039778e+00 2.811727803598961906e+00 5.375872986593271285e+00
5.616606511705297677e+00 2.772936272659225043e+00 6.709214550893876527e+00
5.540660843032086724e+00 2.450387610895074175e+00 7.959642463528061818e+00
5.400145931742172500e+00 3.619115532781284728e+00 7.036520261610474947e-01
5.297835582806409427e+00 3.558233226956562412e+00 1.468331269735383637e+00
5.346087630291391335e+00 3.594756577132801834e+00 2.324321087497027705e+00
5.355107880962947320e+00 3.754817367965388453e+00 3.295623247839504888e+00
5.452934208969627328e+00 3.837521122668791751e+00 4.499495160268912386e+00
5.529305249694842495e+00 3.989127509972555607e+00 5.445967351908771903e+00
5.620924123382916804e+00 3.814393964989819974e+00 6.448025436825560952e+00
5.557555129129075233e+00 3.687716154000819202e+00 7.814584419763791701e+00
5.408931491431869354e+00 4.548029267476112913e+00 6.511398913606517569e-01
5.391154020183927642e+00 4.644799822214049634e+00 1.522070668507911062e+00
5.410470821788013751e+00 4.738280932422975766e+00 2.435592202337989676e+00
5.380785532144059857e+00 4.797835791748338075e+00 3.323035188828558528e+00
5.471651343366806586e+00 4.707078437094105006e+00 4.540919398329042345e+00
5.543244138379444408e+00 4.632435844834255967e+00 5.434947031171696530e+00
5.580845694145327052e+00 4.618302341359918017e+00 6.326652680530037820e+00
5.565394182344055807e+00 4.621243643447455085e+00 7.765642938934111505e+00
5.404198086360560538e+00 5.501670849907282168e+00 7.676782869264049403e-01
5.514518520426542558e+00 5.613341248648895387e+00 1.588049594636950168e+00
5.563963187462036331e+00 5.567377461515340187e+00 2.462299232170471086e+00
5.468417917987943078e+00 5.535451001852642605e+00 3.338659932432809896e+00
5.490692824708711228e+00 5.477042999045579563e+00 4.333427009822668374e+00
5.415514350622201434e+00 5.246327732680690303e+00 5.340080119498474609e+00
5.444889389407618907e+00 5.272087526007934066e+00 6.407722285288792285e+00
5.434972135535810267e+00 5.308872243341239638e+00 7.762083539223427309e+00
5.498743030531898057e+00 6.453229218788942845e+00 9.283113324076859296e-01
5.560681976624270995e+00 6.489276211125941884e+00 1.606589198941716923e+00
5.572011516071455617e+00 6.420884809713275132e+00 2.317817313564423998e+00
5.401960378858643885e+00 6.243904570487207373e+00 3.260997140689659624e+00
5.408985529725783614e+00 6.187574124247818830e+00 4.261646183087743900e+00
5.383028630475894971e+00 6.213750079213903987e+00 5.251717910418614466e+00
5.420914598993868516e+00 6.171554683993556445e+00 6.459778453308843815e+00
5.399531867236674998e+00 6.363807312489178969e+00 7.913142467581311124e+00
5.481652599356738875e+00 7.426983192857824712e+00 8.885901188236740023e-01
5.587996576372677104e+00 7.352644382896402320e+00 1.550848967885730012e+00
5.635154626146547052e+00 7.255346958080721720e+00 2.220045216251694153e+00
5.446549514099447542e+00 7.285274135404419482e+00 3.188817808548695343e+00
5.428144350870637069e+00 7.299584434520583365e+00 4.298276547472876352e+00
5.451540248885810236e+00 7.278736798477040360e+00 5.231146112282812233e+00
5.403053908707742714e+00 7.358858083951751894e+00 6.555726949694133054e+00
5.381330249971222557e+00 7.434085611488544743e+00 6.654827904038462805e-02
6.383404619816166914e+00 3.948675199952386694e-01 7.713659323021252456e-01
6.415726005983843017e+00 2.250182980390305343e-01 1.559290654303358670e+00
6.506397411868749536e+00 2.825535397471718446e-01 2.365841272629062519e+00
6.490737471958987648e+00 4.308119659410478142e-01 3.133171201844336284e+00
6.479892816872319550e+00 3.783178549775461086e-01 4.177986171588179865e+00
6.613325707787978125e+00 4.020078545877388554e-01 5.391750213887817722e+00
6.517724100735789783e+00 6.269618519142974300e-01 6.633595028208608468e+00
6.399275087697110287e+00 6.540514347109459559e-01 7.966999525236511559e+00
6.232671472573596105e+00 1.531198282846655268e+00 5.866059988743445031e-01
6.368126791581359747e+00 1.469506066458309945e+00 1.572068244603098686e+00
6.458302190140951637e+00 1.510670346507519968e+00 2.406158255069094754e+00
6.481181579543671134e+00 1.419440433343995611e+00 3.172726577406146831e+00
6.473066962802688451e+00 1.542263205441277929e+00 4.188220783690310256e+00
6.556304006701600962e+00 1.506446934080651001e+00 5.432001661471880460e+00
6.520713692747253099e+00 1.512171698094637806e+00 6.785627258258375427e+00
6.290867508355514559e+00 1.519486516476124205e+00 7.856591220626747862e+00
6.363313928325062818e+00 2.480913306394301632e+00 6.405120973677574936e-01
6.374986785283494051e+00 2.479517346401589606e+00 1.542104072273009940e+00
6.441288572926252343e+00 2.450207272668891711e+00 2.368671979468970346e+00
6.567348810986778140e+00 2.508772873514841351e+00 3.194560570079187478e+00
6.506425404317491612e+00 2.577113385310107585e+00 4.264348545275020719e+00
6.450296414649589138e+00 2.632081463500213658e+00 5.416605381716728118e+00
6.465909724326659891e+00 2.616105823093508587e+00 6.692613683776203359e+00
6.375987148723359255e+00 2.459627448357279533e+00 7.880583670043122879e+00
6.362547358460259872e+00 3.584875067181601871e+00 5.794070374981552529e-01
6.393512913685441390e+00 3.526136560441723411e+00 1.492642689389817034e+00
6.450531377692380275e+00 3.487875491780974446e+00 2.416857378895272745e+00
6.560536128426667446e+00 3.597767032138776688e+00 3.351509805310948664e+00
6.480226115854565094e+00 3.781452117675111246e+00 4.389127229997013657e+00
6.325720228997933958e+00 3.948894507945749144e+00 5.468492545457600329e+00
6.353756929732531589e+00 3.829974839030231504e+00 6.571572024265807777e+00
6.425779066560986408e+00 3.712403217321885052e+00 7.730391289185384984e+00
6.437295112000824382e+00 4.631222667271178040e+00 6.513842715995568078e-01
6.459342880484791216e+00 4.841480279524047248e+00 1.516971821824790512e+00
6.367849199794935799e+00 4.875273299631877499e+00 2.373812617299717598e+00
6.387037114221790546e+00 4.767698909763344872e+00 3.363265099436632877e+00
6.316371692888809619e+00 4.643759293763798368e+00 4.508174027632211534e+00
6.223244439303816655e+00 4.611871989468030897e+00 5.504177272679132926e+00
6.367480744727982866e+00 4.595321385766244049e+00 6.386508283783011386e+00
6.331590289094369162e+00 4.498339667715884005e+00 7.695706605744946138e+00
6.539493071327830975e+00 5.519660551581640817e+00 8.519365446047463264e-01
6.588450826211529332e+00 5.622924035333345394e+00 1.679185014030997403e+00
6.458957024848339223e+00 5.678167057664582629e+00 2.352094235967270741e+00
6.327778594869529982e+00 5.586918043697528091e+00 3.234306862706836316e+00
6.227751876664531672e+00 5.517786380126388224e+00 4.299979989637479072e+00
6.238015698617436655e+00 5.283955813311293603e+00 5.412311819589215034e+00
6.399429352024129436e+00 5.270128679862652987e+00 6.448586003902544661e+00
6.389503153114002743e+00 5.382159894632058794e+00 7.721599529560911890e+00
6.462080331684405543e+00 6.443417614288454942e+00 9.937458673128454212e-01
6.476752348472391674e+00 6.558129109761506648e+00 1.703959447091380142e+00
6.456351039811463188e+00 6.412820231979188712e+00 2.194217310863986636e+00
6.467987332195850314e+00 6.265329977163203168e+00 3.189726261321921719e+00
6.478813918655309756e+00 6.277826602297440495e+00 4.305558275462432860e+00
6.492895540652081188e+00 6.327804516781418087e+00 5.273626960375534800e+00
6.449420983373699734e+00 6.206554923724081796e+00 6.439606856486208564e+00
6.440500911653355587e+00 6.283032749343801626e+00 7.899559021085689636e+00
6.385695645425079725e+00 7.413844990440929372e+00 1.019918603907358667e+00
6.468201125942973029e+00 7.277288304040447464e+00 1.674378657625871680e+00
6.498854270918780429e+00 7.302432760019793356e+00 2.151304103925446132e+00
6.539816524629719297e+00 7.423260764437262793e+00 3.112549413113947505e+00
6.585802665673210932e+00 7.281481160408330489e+00 4.304868614092422163e+00
6.587945684104270505e+00 7.286936920324904143e+00 5.256358451884587168e+00
6.514231820240500959e+00 7.342780798514344731e+00 6.468017470220852161e+00
6.391266349839593630e+00 7.490899071442020940e+00 1.260468522951363468e-02
7.317895507634907482e+00 3.445131392699827821e-01 7.593471277495617011e-01
7.326521595434579481e+00 2.758530956987758631e-01 1.624528316393896832e+00
7.343997503572280650e+00 2.680745046294499279e-01 2.341667704420209883e+00
7.296967704447278713e+00 3.988874568870786064e-01 3.126925804983756052e+00
7.402363867307588663e+00 3.702609513975080313e-01 4.346911831972460227e+00
7.443138827813580605e+00 3.725568400244155254e-01 5.415512000715186680e+00
7.520169247969267445e+00 5.566113112329132973e-01 6.521086083669382027e+00
7.451474191822308413e+00 5.101652551686317594e-01 7.864021130095545153e+00
7.308340694603120191e+00 1.444247810956694300e+00 6.960138586191625398e-01
7.312943464976086716e+00 1.392102120069164783e+00 1.648864202396210121e+00
7.307564403048491641e+00 1.499626559213935284e+00 2.425598636718626633e+00
7.333751584057432105e+00 1.547666842527579467e+00 3.211142454409691371e+00
7.449043497136297098e+00 1.571222063219723575e+00 4.231140478498926605e+00
7.483321786252523644e+00 1.425976352909666067e+00 5.453296084749521100e+00
7.453708663197407880e+00 1.500502381329672952e+00 6.624176994382407813e+00
7.344343116705255525e+00 1.472359003923261467e+00 7.709767290225453706e+00
7.303815512504449714e+00 2.646916801951233023e+00 6.562874483235509038e-01
7.290164919739527072e+00 2.578977381135817648e+00 1.582116229697762888e+00
7.322347751705532204e+00 2.495560215095247614e+00 2.451639550102370446e+00
7.432792296235610330e+00 2.523748582075215907e+00 3.297755917618857779e+00
7.574353227381667608e+00 2.634239524749250716e+00 4.220631307371763619e+00
7.569103841543111777e+00 2.653061109528134676e+00 5.392729226001574006e+00
7.530187035165773146e+00 2.604897863065584129e+00 6.657812343173904246e+00
7.440334791171939521e+00 2.643260782956003752e+00 7.741027977710214891e+00
7.442635385705115958e+00 3.607781056897690242e+00 5.997086072393571499e-01
7.479503508793351685e+00 3.581576846300343231e+00 1.555403339729841905e+00
7.492481885272161080e+00 3.592365303726615888e+00 2.463135312383121889e+00
7.492580560164751269e+00 3.647195377553644757e+00 3.332012015623887269e+00
7.448678249002393947e+00 3.611490487243855796e+00 4.317871015557724235e+00
7.462002060418043925e+00 3.721764852511756150e+00 5.398986373065175925e+00
7.421208765508390925e+00 3.681890565217332600e+00 6.586566407803043255e+00
7.423576945628537871e+00 3.602075379154199286e+00 7.746316928597847706e+00
7.526206378270618558e+00 4.795583217911812746e+00 8.035395412295708306e-01
7.546364806385601476e+00 4.950264481797608696e+00 1.439665244728522975e+00
7.548571915544086686e+00 4.690966873568979345e+00 2.374545174517771695e+00
7.516322676795978985e+00 4.528197848480820298e+00 3.311359184534103051e+00
7.311935633965362058e+00 4.474562923681403959e+00 4.251563232472271636e+00
7.125892279076919245e+00 4.442015117804109181e+00 5.548143178532511932e+00
7.243025304773701656e+00 4.576047708590809115e+00 6.510455595178521904e+00
7.394881232954744199e+00 4.538093855064429860e+00 7.760728848806726532e+00
7.615975130971581741e+00 5.524361815754140537e+00 1.007284404868213246e+00
7.492732936991536086e+00 5.534728958690539713e+00 1.436058541990825832e+00
7.201974380958650279e+00 5.576606602913671829e+00 2.175653171976748457e+00
7.236652596601978793e+00 5.583563633750491029e+00 3.254445794401878533e+00
7.268963554177118702e+00 5.601750971249878752e+00 4.220527667003270089e+00
7.257286840193456712e+00 5.536301945438800054e+00 5.475506896260434964e+00
7.262230873341581905e+00 5.324448254225256250e+00 6.559449202590806216e+00
7.483795432167639206e+00 5.463878857406751166e+00 7.871074320907823108e+00
7.525369440937574872e+00 6.290419521371537925e+00 9.539895530041945237e-01
7.297745542608566005e+00 6.344351574090323354e+00 1.468747235456883793e+00
7.121886805744402693e+00 6.413339640366165106e+00 2.283765414421784712e+00
7.321017084249576534e+00 6.422394703676175709e+00 3.301160774287012600e+00
7.308433974470673000e+00 6.483468602200259667e+00 4.303498760948534674e+00
7.366913291719112244e+00 6.495847119595469898e+00 5.259058611771551206e+00
7.346825745516908590e+00 6.295476429065902657e+00 6.412098924834597646e+00
7.486202533778223867e+00 6.275976652889063701e+00 1.768072527544006789e-02
7.390516413785846339e+00 7.346176635886908279e+00 9.159939366370315472e-01
7.219283554133057557e+00 7.342145542217426879e+00 1.641459023276041540e+00
7.258228073274595182e+00 7.463460300485935228e+00 2.256905167695793413e+00
7.344065984777448541e+00 7.348345555048993560e+00 3.170735080957598928e+00
7.313886564839665816e+00 7.253004476258118949e+00 4.383080217469209394e+00
7.386877409208636891e+00 7.352476662187648948e+00 5.250670058706438326e+00
7.441916406131195316e+00 7.460125487272528666e+00 6.398447142671042975e+00
7.492424972378143089e+00 7.494190213437658343e+00 7.982709372586842989e+00
